/annex/objects/SHA256E-s13557727--06068d424c251089a85712af5192bc8de720d9db16ee58938ad95e5a0697be1a.csv
